100000 100000
2000
0 74452
102 71575
202 25296
213 87245
292 6194
293 72334
469 76901
472 72263
479 33470
546 5097
604 40133
638 24377
654 5119
698 76517
761 16399
823 43678
856 54112
907 79487
953 88795
986 53111
1102 82229
1130 93598
1229 17945
1231 69165
1233 15587
1234 50200
1325 55637
1349 7076
1433 41308
1454 70263
1470 74426
1537 47846
1579 84739
1603 54732
1646 97349
1662 75264
1704 46239
1784 3903
1804 92587
1882 34127
1890 35398
1911 87012
1912 12437
1935 17499
1993 12609
2070 67177
2073 48468
2079 56888
2145 94858
2178 78388
2216 66801
2279 32356
2310 43969
2356 6124
2447 30534
2449 84220
2596 59596
2637 44788
2639 54521
2833 69312
2838 13873
2851 42673
2916 43599
2955 95181
2966 6126
2977 93652
2990 41760
3011 38784
3014 34028
3148 60731
3223 76549
3300 53135
3333 10643
3399 72817
3407 79274
3418 12688
3435 35365
3460 59620
3494 52926
3513 79185
3550 3788
3630 26420
3699 70086
3719 2639
3779 68439
3807 91389
3813 43278
3876 25737
3973 48609
4015 43074
4081 10963
4125 49594
4187 20206
4458 27178
4472 50464
4495 91341
4537 7504
4618 77980
4732 64672
4816 72033
4858 64903
4905 1577
4928 11690
4933 70636
4980 28262
4994 69698
5006 4821
5083 65501
5182 1502
5249 54490
5345 81429
5399 71137
5539 27396
5672 50680
5696 81719
5764 80066
5800 25693
5851 55915
5958 69258
6123 52428
6255 53989
6281 14530
6323 60990
6423 38735
6433 61917
6436 6710
6447 93493
6600 18047
6717 48927
6719 52415
6740 1256
6748 49995
6813 22228
6857 76866
6865 85210
6941 73186
6984 55117
6994 50428
6997 10418
7000 62172
7081 88536
7132 54873
7154 39946
7360 88196
7469 22663
7506 99318
7665 27087
7668 3029
7678 19668
7689 18765
7766 55503
7773 55516
7777 6979
7890 47966
7902 74480
7930 15895
7931 10659
7969 25931
8022 1691
8029 95414
8076 62627
8111 85644
8131 35689
8241 64199
8371 23858
8373 12480
8427 6508
8521 73567
8560 12199
8815 15251
8828 78172
8843 90114
8868 51384
8888 11337
8905 75415
8944 49125
9042 80770
9185 44789
9290 53160
9307 97566
9410 90691
9490 14739
9605 34572
9758 81548
9851 99835
9874 69634
9900 82375
10050 52080
10050 98279
10059 79876
10178 92610
10276 93431
10333 60674
10348 44397
10376 93633
10411 42841
10476 31457
10597 39235
10634 48589
10648 80372
10697 45743
10762 94510
10776 7798
10780 17010
10992 45897
10997 80849
11006 11187
11008 38320
11108 42233
11128 71838
11163 57673
11165 62625
11171 41096
11219 99028
11241 51970
11279 45099
11302 13517
11420 18822
11459 47891
11558 33782
11674 23085
11686 37237
11796 31075
11833 59734
11868 81799
11909 69031
12034 38061
12141 34986
12313 95997
12332 12057
12395 70233
12499 15182
12516 15404
12545 39981
12551 20034
12574 47716
12585 29297
12586 59685
12594 8239
12597 59298
12599 53832
12627 91302
12647 59161
12725 5511
12729 56122
12732 98176
12734 48606
12854 82861
12926 96774
12961 62236
12988 60503
13019 65536
13061 59767
13069 13943
13230 29882
13250 75446
13253 85762
13262 22723
13336 72844
13490 42415
13550 66051
13608 19263
13689 61670
13706 61830
13748 6737
13772 36052
13835 11538
13865 92577
13873 24040
13881 42040
13895 54446
13948 50021
14020 40668
14055 1323
14102 95057
14108 70629
14122 42160
14161 80647
14202 94649
14213 67372
14224 89050
14225 23822
14321 85473
14328 84844
14491 46481
14506 57733
14517 91135
14521 33261
14674 19656
14765 44926
14778 39360
14822 85112
14842 48028
14895 53314
14917 24227
14966 67257
15010 86123
15055 54938
15071 23931
15083 4505
15096 13304
15119 1998
15151 72079
15163 40611
15276 25729
15372 36797
15376 26467
15429 9554
15444 22636
15465 63919
15498 24622
15516 23226
15624 46769
15645 82642
15648 5518
15651 9484
15724 59613
15831 4717
15840 82143
15894 16629
15929 3110
15948 41058
15951 12750
15960 74614
15985 89190
15993 69670
16033 12047
16039 91805
16089 73932
16128 11848
16134 72644
16181 465
16215 37184
16325 49082
16378 68445
16552 11798
16645 57711
16660 50608
16682 63976
16699 52402
16707 54713
16708 40502
16958 61059
17014 16082
17028 40407
17065 63188
17090 84065
17092 51227
17099 33421
17130 31536
17156 16999
17185 62797
17335 82340
17360 30518
17383 58439
17598 13887
17606 80015
17677 72193
17678 68468
17776 90232
17790 88829
17813 70959
17843 84271
17990 646
17995 41440
18026 39109
18034 50599
18090 81273
18104 35884
18184 52850
18187 10295
18190 76275
18205 35705
18257 86028
18338 29215
18442 84524
18471 3382
18524 81146
18548 18435
18688 6913
18743 30110
18769 66134
18788 28108
18814 90451
18868 10864
18930 66880
18944 74479
19003 82048
19007 53968
19029 97020
19031 98529
19092 18229
19093 35685
19123 13565
19191 43778
19196 93114
19209 89704
19255 21240
19303 37988
19402 83566
19534 77456
19690 8995
19726 90367
19735 8416
19736 83728
19830 82227
19836 15778
19890 58030
19920 16632
19977 97856
20003 66214
20020 86834
20054 76469
20057 76049
20070 76447
20103 88850
20104 28720
20132 23837
20140 2394
20170 42506
20271 15804
20328 74765
20375 17778
20578 9677
20658 79158
20781 7274
20959 12854
20967 85128
21238 64215
21295 57883
21368 8873
21388 58392
21486 72567
21508 46141
21542 85779
21553 29585
21734 19346
21748 62309
21769 29933
21897 2416
22124 21418
22156 98053
22246 44287
22251 95476
22266 43308
22358 1131
22448 80525
22619 46189
22638 79993
22650 26027
22716 75434
22727 2628
22767 7707
22770 86175
22798 1336
22872 60489
22914 62335
22924 51882
22971 19286
23025 5565
23081 69631
23088 76955
23148 83950
23201 92036
23270 72616
23295 7489
23303 3227
23389 804
23396 86150
23404 47446
23431 22131
23446 29207
23492 23063
23520 50374
23522 59567
23633 7133
23655 69006
23661 31068
23696 21942
23784 16571
23789 47516
23861 20194
24005 98102
24086 78005
24185 44561
24238 17932
24261 71470
24265 42182
24273 92644
24288 14801
24292 42806
24335 56116
24478 94060
24789 5406
25020 53801
25042 62220
25054 59087
25092 40983
25106 39315
25113 83014
25140 7638
25150 30087
25150 16794
25206 96692
25214 75724
25244 21517
25283 20796
25292 83035
25338 60770
25398 21996
25415 90311
25419 14910
25528 66376
25532 83185
25540 12677
25609 40356
25662 80319
25774 4462
25833 93877
25852 1741
25859 55518
25875 73263
25896 36655
25908 36914
25932 44180
25994 79938
26046 39564
26047 1052
26059 42396
26203 81586
26255 35590
26316 38915
26335 47070
26353 8655
26373 46506
26523 15432
26615 58512
26716 37791
26783 35889
26792 39922
26873 11843
26875 17406
26920 80705
26949 99394
26989 2851
27034 30749
27086 34397
27099 76261
27147 47665
27165 23154
27226 93145
27244 70491
27478 5386
27481 98487
27548 29610
27659 73935
27660 97547
27757 26495
27759 56123
27779 29523
27811 80820
27952 32833
27959 43747
28054 77403
28054 18892
28131 90264
28240 83268
28243 13465
28285 85673
28431 9555
28460 71249
28498 79216
28650 34991
28681 67157
28685 38081
28686 44733
28705 65420
28755 99763
28770 25630
28802 32853
28803 33153
28836 14058
28976 56594
28977 56573
29022 632
29076 17792
29101 83700
29173 14465
29185 22408
29200 18839
29220 5098
29277 37460
29281 44665
29313 56959
29362 45745
29367 4983
29390 22036
29408 39590
29564 69566
29610 81318
29729 85008
29837 96069
29851 49881
29861 57324
29870 64225
29956 266
30004 74431
30149 16072
30155 43414
30156 19811
30165 87437
30186 72848
30317 51358
30434 41914
30466 15176
30469 6989
30513 88626
30555 69792
30571 63019
30574 75084
30675 53227
30681 43025
30700 38497
30736 16692
30759 62919
30914 1946
30926 52676
31004 65805
31057 61910
31102 46070
31104 40562
31122 30249
31139 94082
31162 3801
31189 24426
31267 15916
31291 36088
31337 68064
31389 89259
31439 7894
31475 68398
31480 39117
31553 66371
31572 54526
31608 57372
31740 86249
31740 41333
31796 69133
31802 3093
31844 52636
31849 58374
31951 32391
31963 79488
32011 62041
32050 84584
32072 31773
32099 11044
32152 48616
32289 43554
32380 66261
32546 89369
32621 47936
32638 71130
32669 5522
32708 94148
32778 2193
32793 16017
32841 61569
32849 72411
32956 71831
32984 24629
32991 4900
33051 13694
33082 22827
33087 52498
33101 63315
33205 89035
33252 94774
33317 71138
33429 97794
33440 73317
33467 3486
33488 76760
33580 40866
33609 519
33614 96102
33614 13976
33731 1487
33747 14059
33773 73144
33774 62882
33916 64854
34073 57287
34074 73260
34159 48650
34258 96321
34382 22163
34461 85088
34524 54638
34563 61753
34603 38859
34678 26573
34782 76132
34824 87354
34925 24725
34931 49520
34975 39222
35020 11916
35054 17537
35080 17152
35086 58738
35305 17968
35334 88999
35341 34827
35409 61333
35436 80324
35488 83664
35513 99675
35539 38230
35636 33933
35644 12888
35647 68540
35662 43971
35866 52763
35878 65491
35900 80091
35920 8152
35946 70838
35970 34259
35987 30983
36002 9649
36081 670
36121 20718
36201 80558
36226 99879
36226 37956
36242 46609
36255 69711
36671 50641
36683 55821
36690 41511
36703 76294
36724 64437
36763 23374
36842 5793
36954 34978
36958 7523
37027 51570
37028 98879
37047 41802
37049 30022
37206 4241
37212 27391
37230 27493
37258 45511
37292 50510
37295 11692
37314 40504
37331 4280
37415 43222
37464 83187
37485 90621
37576 38728
37635 85075
37770 8690
37813 96995
37820 94110
37827 5198
37901 75931
37957 73093
37983 17639
38018 50450
38025 77924
38243 20803
38311 95249
38314 61436
38341 25194
38377 29545
38381 20225
38419 60424
38449 2422
38465 61584
38471 37887
38479 82786
38627 22943
38642 81337
38698 39195
38699 67614
38740 41698
38825 79370
38841 4538
38968 32420
38969 74785
39016 53863
39026 86062
39033 61984
39039 45565
39124 76119
39152 61611
39157 6062
39163 35537
39312 11873
39362 67394
39406 89751
39476 52618
39528 11734
39591 24118
39647 65471
39711 74784
39730 66398
39768 16929
39787 79541
39852 78173
39885 11844
39978 36926
40071 46283
40137 80914
40244 80571
40299 52515
40304 75
40320 37822
40354 82264
40370 20258
40405 63425
40431 65404
40432 29641
40459 95373
40460 77815
40484 74926
40499 73903
40599 60592
40722 71827
40803 78690
40925 7729
40957 78317
41061 59749
41113 27358
41176 7325
41314 52740
41370 78854
41405 60677
41407 91201
41450 41052
41460 54433
41566 36762
41568 77592
41721 16822
41780 81134
41826 17734
41832 49618
41834 36130
41859 78325
41917 26032
42029 46345
42089 82027
42150 27750
42187 39463
42253 83499
42265 39415
42279 71939
42298 4264
42319 764
42354 82455
42380 49952
42388 39258
42433 3333
42479 30426
42529 60427
42605 13158
42642 49529
42660 61967
42720 68101
42763 45367
42766 64158
42885 1973
42897 10959
42899 10930
42972 15931
43004 31305
43018 7699
43076 44859
43083 47531
43114 28220
43207 92368
43213 68084
43249 62836
43346 12713
43375 63190
43474 47700
43516 55256
43534 8333
43543 64708
43552 17280
43684 93180
43733 8800
43763 34967
43892 89782
43937 1571
43997 62334
44065 70058
44073 19902
44247 55387
44318 5133
44369 54039
44502 61419
44506 38154
44536 75889
44537 45147
44606 21922
44660 96653
44703 23791
44819 39528
44844 74503
44903 38278
44914 12900
44921 31311
44942 79326
45023 26256
45030 91158
45041 3144
45107 9624
45117 46755
45211 5052
45234 10431
45249 86157
45252 751
45329 70771
45377 85351
45419 2465
45460 10721
45564 69746
45759 93747
45808 30391
45858 57715
45905 80275
45911 31064
46014 59143
46042 93442
46068 25488
46091 49584
46133 76653
46160 27190
46216 36275
46223 87249
46289 57763
46321 80822
46459 46871
46461 75369
46493 87889
46566 37368
46590 90494
46725 84992
46762 20567
46782 9890
46830 42387
46875 22199
46891 75279
46915 65214
46964 81530
47060 24534
47119 8958
47144 14687
47151 63534
47171 41960
47187 77863
47189 38830
47227 66193
47300 73318
47325 88823
47330 82518
47389 60745
47506 98320
47537 19278
47640 67753
47699 31237
47745 48425
47820 74478
47881 18256
47897 51454
47911 71346
47996 10489
47998 91637
48002 15961
48079 12350
48110 629
48119 6729
48296 6953
48353 43171
48431 93497
48441 17615
48470 79844
48658 1886
48674 50448
48675 51763
48724 57001
48764 65080
48771 96874
48849 53996
48978 13306
49072 16660
49093 66219
49121 90805
49126 71635
49135 44111
49277 69065
49292 42663
49418 4706
49426 63529
49436 25533
49454 49626
49522 66985
49583 25215
49802 49557
49844 98334
49879 47881
49912 754
49920 92195
49978 39319
50095 65719
50103 61161
50173 37492
50348 94268
50351 33946
50460 74191
50496 99368
50510 89968
50530 54974
50657 9534
50693 64446
50708 96865
50789 5561
50810 53636
50818 39973
50834 94643
50851 74014
50857 38364
50947 95016
51029 17903
51435 18700
51494 942
51543 81803
51596 52400
51608 36387
51626 27655
51724 26398
51740 33774
51770 70066
51786 31018
51915 69320
51918 58770
51921 29349
52030 90285
52128 5652
52142 74568
52213 3290
52232 73945
52253 15870
52280 51599
52285 4301
52330 37795
52331 37208
52679 31057
52683 46077
52693 61234
52718 35876
52921 67650
52922 82879
53107 34592
53124 37394
53249 35916
53313 37854
53385 49355
53397 2588
53417 66583
53451 39287
53532 53163
53598 49669
53633 89638
53682 23665
53706 24335
53756 87285
53760 54304
53801 45154
53807 79520
53864 58187
53938 589
54104 94237
54146 77592
54147 79849
54176 60145
54250 45273
54300 61416
54300 53037
54332 92615
54344 77423
54362 29482
54375 5134
54380 202
54398 40104
54456 33249
54516 22590
54518 48805
54527 94226
54632 61959
54642 30181
54698 8115
54706 56659
54725 58836
54839 95891
54919 82287
54951 10213
54960 8797
54997 99917
55045 73749
55049 63838
55119 68307
55155 50140
55163 19538
55251 50713
55288 83763
55304 58766
55314 24858
55444 64351
55529 4651
55542 85251
55603 61511
55667 73511
55717 52478
55773 94797
55805 88636
56120 15519
56140 92894
56185 10634
56214 4058
56226 63989
56250 73095
56258 49989
56321 72778
56380 99975
56486 29519
56506 15099
56513 55698
56678 92686
56715 50603
56725 85117
56729 47358
56734 80771
56739 43893
56739 48447
56871 53343
56944 14591
56995 87164
57018 77542
57032 5526
57076 69030
57138 3946
57202 83099
57219 83262
57330 69845
57344 8564
57347 40461
57430 31674
57439 45327
57504 72229
57537 52717
57685 53154
57686 82984
57756 27917
57815 51465
57833 10829
57874 82445
57954 73851
57959 97078
58012 95295
58052 42981
58084 37049
58116 69120
58118 57971
58231 49911
58285 25927
58316 23625
58344 96899
58403 13279
58413 9009
58427 42682
58430 90790
58595 88794
58678 99611
58795 44993
58802 59354
58896 91345
59071 86044
59109 36742
59200 19551
59205 2303
59216 41772
59237 70280
59275 4932
59355 80381
59362 9734
59416 29163
59461 58931
59484 42592
59508 76473
59512 48928
59570 50733
59605 1894
59638 16454
59700 96376
59749 99244
59810 16182
59827 45928
59921 58432
59970 48866
59988 17644
59994 80151
60035 93939
60082 14121
60090 91674
60137 73111
60156 2719
60263 76510
60413 27339
60433 57434
60476 11597
60540 89867
60586 70861
60628 29955
60660 20806
60665 98831
60737 39664
60762 39614
60873 78440
60894 90640
60967 13024
60988 83441
61065 83553
61071 49937
61094 19475
61101 38157
61125 99012
61148 31908
61204 9057
61214 68161
61282 63642
61298 20728
61329 87436
61397 29204
61401 82278
61458 49332
61489 24779
61521 93897
61570 10294
61650 7786
61659 53201
61853 97613
61860 4226
61893 71952
61915 40619
61915 83713
61978 6123
61996 81934
62028 34203
62029 56493
62052 79942
62058 25253
62126 55095
62128 38936
62170 78078
62187 51743
62205 98869
62227 953
62351 24623
62393 21632
62437 48093
62462 57273
62689 21885
62863 39500
62864 11667
62888 83118
62916 89588
62928 33362
62933 21839
62942 95615
63080 3461
63138 76168
63164 38011
63194 81471
63295 3220
63301 68147
63359 56822
63374 72454
63533 2602
63551 81568
63584 92395
63643 78788
63697 94404
63721 25804
63743 87984
63842 57007
63891 8452
63895 32632
63902 95044
63909 83624
63941 57118
64145 20260
64173 18016
64363 91412
64421 76077
64436 3639
64444 21508
64548 7896
64561 92262
64571 39783
64815 39344
64838 62434
64897 79097
64916 66554
64919 37569
65032 71523
65086 90701
65138 22970
65187 31848
65231 34337
65234 9307
65235 52070
65320 28851
65343 73832
65404 86981
65448 39805
65449 79524
65464 58996
65553 12160
65593 69844
65597 8061
65597 81713
65637 63497
65682 73568
65710 37468
65713 99967
65733 55703
65733 10088
65907 81069
65923 86101
66038 34823
66164 49826
66274 19558
66299 93604
66424 12152
66500 3574
66609 20737
66624 94301
66678 26394
66770 90082
66837 76331
66843 84632
66901 14355
66962 34498
67186 45886
67227 18351
67254 13260
67350 10894
67391 6797
67553 87266
67609 88930
67668 58488
67790 26780
67800 23153
67807 9986
67844 96362
67854 31304
67929 10467
67930 99983
67961 39644
67990 34633
68009 31874
68051 46923
68124 86636
68147 38372
68174 79533
68198 10356
68200 51079
68222 86950
68229 74959
68351 96637
68461 95641
68483 61653
68518 99758
68521 35722
68536 74622
68567 3472
68587 66625
68701 74225
68709 33052
68727 28474
68759 87209
68771 36937
68815 30752
69029 1485
69081 83459
69105 11514
69204 24940
69297 50637
69310 52529
69366 19132
69372 49636
69458 43023
69512 6425
69558 41052
69587 50662
69662 83273
69705 50648
69763 21077
69770 68095
69891 49777
70086 24520
70112 27019
70190 36629
70258 42355
70267 47185
70321 60875
70334 93276
70343 30127
70379 18546
70444 61081
70446 11862
70453 34828
70490 6431
70491 80803
70656 21115
70657 97881
70747 3507
70756 15802
70765 19359
70774 91898
70851 56582
70900 80563
70902 90627
70944 82340
71013 37153
71039 82717
71043 25749
71100 86819
71100 27752
71130 53101
71133 15636
71150 21747
71220 96104
71420 5069
71455 90129
71461 94062
71513 86291
71541 47175
71577 6464
71584 36005
71594 79400
71691 8127
71725 54218
71816 62009
71853 18231
71909 16355
72018 44994
72036 41499
72061 54273
72071 88068
72096 18918
72098 78339
72125 60142
72152 96400
72183 49228
72188 86707
72243 7481
72345 90685
72387 8416
72485 22804
72517 17034
72521 92765
72538 17843
72585 45828
72635 63360
72727 62489
72750 16451
72792 29647
72897 58913
72922 1263
72925 71708
72956 75259
72974 13130
73048 31796
73069 99685
73128 96710
73330 75057
73769 63187
73833 36516
73845 59591
73889 25190
73953 95633
73965 25086
74028 55195
74152 83738
74335 27064
74384 4944
74387 60620
74418 74429
74490 36712
74672 78472
74681 69920
74739 71325
74828 83728
74954 2863
75268 45301
75319 38101
75327 79116
75348 54111
75714 60246
75734 85375
75754 78933
75867 76288
75913 66765
75959 83448
75981 59125
76096 99967
76264 9090
76313 90020
76377 91011
76387 23666
76398 19454
76402 27526
76403 49477
76435 2273
76436 18348
76441 85919
76451 10120
76544 9345
76605 75898
76609 42069
76809 36909
76868 67763
76923 64488
76972 57651
76981 60113
77119 3526
77154 1487
77240 77743
77397 23511
77431 524
77454 94421
77488 57036
77511 36022
77523 81792
77528 13729
77539 15841
77674 52148
77830 85807
77835 59199
77888 35947
77937 5768
77992 46107
78047 89462
78069 66181
78077 44598
78151 69609
78223 2999
78252 68407
78254 95618
78275 91514
78344 20313
78559 21598
78585 12799
78737 52639
78750 16869
78852 86799
78879 19450
79007 49742
79055 30434
79083 36479
79141 61931
79197 25005
79335 58707
79335 66829
79406 49814
79446 69690
79504 39465
79675 26149
79755 22098
79932 21386
79961 15753
79993 84664
80025 2863
80082 36236
80173 81684
80208 40614
80340 53364
80355 75708
80358 61553
80361 83063
80420 90726
80473 83375
80478 9903
80562 71159
80563 440
80595 57964
80708 49427
80734 77676
80833 36393
80855 80647
80926 70777
80976 65902
81029 89904
81067 99570
81078 8468
81091 13863
81106 32217
81186 52517
81206 45403
81251 36392
81286 15427
81287 94305
81302 69002
81404 1897
81438 71372
81472 80628
81494 94062
81602 62712
81774 34696
81800 26751
81891 37213
81903 29344
81905 77348
81982 33910
82023 45140
82071 1038
82097 67154
82117 87291
82207 31220
82233 25529
82339 19676
82360 65794
82369 45876
82397 85795
82400 26489
82412 28910
82464 80185
82500 54312
82595 54621
82619 40074
82621 5017
82655 8276
82681 49730
82723 55764
82796 37553
82853 89426
82915 6382
82986 4969
83016 21739
83040 58025
83183 71702
83216 8079
83219 75163
83220 89532
83246 12085
83307 11658
83314 28477
83338 60014
83353 49099
83454 57564
83496 78021
83514 76597
83540 42038
83552 65328
83633 1271
83733 45449
83734 86900
83756 81518
83774 762
83859 54469
83881 62925
83913 75975
83978 52307
84005 50260
84022 64095
84058 10829
84101 16090
84139 10179
84174 60968
84197 78941
84220 92326
84257 41200
84294 71606
84308 2212
84315 85617
84338 61772
84407 50279
84416 32050
84418 95322
84467 75288
84479 90789
84569 47239
84592 85299
84600 12334
84620 17382
84634 25162
84646 43813
84689 6581
84690 51303
84744 98998
84825 5495
84866 87247
84890 25187
84893 11857
84970 49664
84970 55941
85000 43411
85038 87801
85216 78307
85317 65385
85343 52433
85428 21138
85429 66293
85517 21610
85524 41024
85562 18420
85563 35899
85633 53478
85701 75065
85748 1770
85853 1038
85989 97198
86037 68275
86109 45640
86111 5378
86148 5378
86309 42306
86389 95262
86408 89691
86412 93316
86535 65326
86592 45425
86596 49539
86635 5940
86641 5409
86662 69259
86935 43879
86950 51146
86976 19937
87164 85085
87255 34192
87285 72990
87360 23647
87551 40857
87705 89844
87781 67530
87876 55000
88025 8146
88035 40326
88037 76291
88050 78283
88274 46401
88405 30242
88429 86446
88463 84400
88555 50267
88664 2638
88703 31174
88710 13850
88720 35244
88740 19765
88826 59708
88866 31464
88945 8359
89025 2234
89129 17696
89202 13387
89242 67107
89256 85195
89301 121
89315 15667
89376 55264
89382 78961
89531 42917
89570 4886
89633 95566
89654 64723
89659 20401
89694 69563
89722 77746
89738 61702
89748 61040
89758 8889
90085 46923
90282 33106
90338 68042
90379 15356
90405 4670
90405 89324
90408 4031
90419 24070
90477 50342
90542 37495
90543 96662
90624 60768
90680 29219
90707 90435
90768 94272
90795 19299
90814 44732
90883 48938
91028 20411
91041 24705
91181 66402
91196 15476
91225 56406
91328 49189
91334 90874
91350 38431
91375 45043
91418 86821
91427 33327
91469 47683
91495 8986
91552 32435
91565 31609
91599 4607
91638 72286
91673 37727
91675 54391
91701 44912
91716 92066
91852 46317
92010 42921
92066 14581
92112 52528
92192 6039
92266 7014
92276 16934
92307 86986
92331 88254
92335 45680
92381 83274
92396 7342
92471 36820
92540 42762
92580 36358
92651 44404
92665 86863
92802 17061
92834 79773
92879 8377
92885 21438
92917 26078
92947 17402
92993 95556
93087 66477
93122 73758
93129 43606
93253 594
93284 4633
93312 96747
93325 58241
93433 56006
93446 93136
93450 60398
93507 10041
93560 13174
93564 17056
93663 72117
93690 54009
93742 24228
93895 48353
93903 25911
93926 34499
93977 30863
94052 42025
94053 14007
94151 37849
94181 44590
94195 12604
94232 84252
94319 35920
94386 20881
94412 48303
94477 7055
94553 71412
94581 3697
94637 76303
94652 63390
94672 10953
94677 62590
94768 68525
94984 20527
95014 7662
95048 60128
95070 70314
95143 84900
95143 87799
95280 93934
95297 3035
95384 42572
95595 63288
95625 95567
95761 97750
95785 66663
95798 54532
95851 86772
95875 82007
95892 13298
95964 25545
95988 1125
96070 92923
96109 67760
96131 71669
96137 70654
96215 44259
96225 43387
96250 55809
96256 2155
96430 35814
96505 55655
96570 41360
96603 80122
96606 32686
96628 36795
96657 53503
96694 90940
96733 63912
96835 57101
96839 98951
96850 28564
96886 15137
96946 24014
96952 13784
96982 46378
97015 18079
97093 61115
97234 55229
97350 90175
97384 64906
97417 17775
97529 883
97551 11588
97586 4210
97632 96073
97640 41841
97698 45629
97704 45422
97782 20779
97899 15175
97905 33242
97970 98703
98002 72658
98057 17805
98122 88866
98144 77271
98148 25941
98149 43779
98191 83782
98200 38874
98229 67333
98245 74105
98378 36470
98388 45064
98400 95079
98416 34334
98430 89679
98541 20492
98548 85399
98580 34048
98583 62061
98633 63652
98657 28283
98746 2103
98749 3556
98815 10360
98833 55256
98869 18654
98979 35558
99006 75687
99129 59682
99171 4893
99172 28159
99218 86970
99287 82491
99293 19310
99409 69776
99501 50358
99510 58343
99551 64031
99615 15673
99632 52286
99695 12440
99708 36612
99788 40478
99797 38452
99818 53581
99835 84715
99836 22703
99849 80985
99869 91032
99891 20985
100000 34270
